==BEGIN DUMP_ARRAYS==
begin dump: C
0.00 0.00 0.00 0.00 0.00 0.00 0.00 0.00 0.00 0.00 0.00 0.00 0.00 0.00 0.00 0.00 0.00 0.00 0.00 0.00 
0.00 0.00 0.00 0.00 0.00 0.00 0.00 0.00 0.00 0.00 0.00 0.00 0.00 0.00 0.00 0.00 0.00 0.00 0.00 0.00 
0.00 0.00 0.00 0.00 0.00 0.00 0.00 0.00 0.00 0.00 0.00 0.00 0.00 0.00 0.00 0.00 0.00 0.00 0.00 0.00 
0.00 0.00 0.00 0.00 0.00 0.00 0.00 0.00 0.00 0.00 0.00 0.00 0.00 0.00 0.00 0.00 0.00 0.00 0.00 0.00 
0.00 0.00 0.00 0.00 0.00 0.00 0.00 0.00 0.00 0.00 0.00 0.00 0.00 0.00 0.00 0.00 0.00 0.00 0.00 0.00 
0.00 0.01 0.02 0.03 0.04 0.05 0.06 0.07 0.08 0.09 0.10 0.11 0.12 0.13 0.14 0.15 0.16 0.17 0.18 0.19 
0.20 0.21 0.22 0.23 0.24 0.25 0.26 0.27 0.28 0.29 0.30 0.31 0.32 0.33 0.34 0.35 0.36 0.37 0.38 0.39 
0.40 0.41 0.42 0.43 0.44 0.45 0.46 0.47 0.48 0.49 0.50 0.51 0.52 0.53 0.54 0.55 0.56 0.57 0.58 0.59 
0.60 0.61 0.62 0.63 0.64 0.65 0.66 0.67 0.68 0.69 0.70 0.71 0.72 0.73 0.74 0.75 0.76 0.77 0.78 0.79 
0.80 0.81 0.82 0.83 0.84 0.85 0.86 0.87 0.88 0.89 0.90 0.91 0.92 0.93 0.94 0.95 0.96 0.97 0.98 0.99 
0.00 56.86 0.04 0.06 0.08 0.10 0.12 0.14 0.16 0.18 0.20 0.22 0.24 0.26 0.28 0.30 0.32 0.34 0.36 0.38 
0.40 0.42 0.44 0.46 0.48 0.50 0.52 0.54 0.56 0.58 0.60 0.62 0.64 0.66 0.68 0.70 0.72 0.74 0.76 0.78 
0.80 0.82 0.84 0.86 0.88 0.90 0.92 0.94 0.96 0.98 0.00 0.02 0.04 0.06 0.08 0.10 0.12 0.14 0.16 0.18 
0.20 0.22 0.24 0.26 0.28 0.30 0.32 0.34 0.36 0.38 0.40 0.42 0.44 0.46 0.48 0.50 0.52 0.54 0.56 0.58 
0.60 0.62 0.64 0.66 0.68 0.70 0.72 0.74 0.76 0.78 0.80 0.82 0.84 0.86 0.88 0.90 0.92 0.94 0.96 0.98 
0.00 54.48 51.46 0.09 0.12 0.15 0.18 0.21 0.24 0.27 0.30 0.33 0.36 0.39 0.42 0.45 0.48 0.51 0.54 0.57 
0.60 0.63 0.66 0.69 0.72 0.75 0.78 0.81 0.84 0.87 0.90 0.93 0.96 0.99 0.02 0.05 0.08 0.11 0.14 0.17 
0.20 0.23 0.26 0.29 0.32 0.35 0.38 0.41 0.44 0.47 0.50 0.53 0.56 0.59 0.62 0.65 0.68 0.71 0.74 0.77 
0.80 0.83 0.86 0.89 0.92 0.95 0.98 0.01 0.04 0.07 0.10 0.13 0.16 0.19 0.22 0.25 0.28 0.31 0.34 0.37 
0.40 0.43 0.46 0.49 0.52 0.55 0.58 0.61 0.64 0.67 0.70 0.73 0.76 0.79 0.82 0.85 0.88 0.91 0.94 0.97 
0.00 51.72 55.44 48.92 0.16 0.20 0.24 0.28 0.32 0.36 0.40 0.44 0.48 0.52 0.56 0.60 0.64 0.68 0.72 0.76 
0.80 0.84 0.88 0.92 0.96 0.00 0.04 0.08 0.12 0.16 0.20 0.24 0.28 0.32 0.36 0.40 0.44 0.48 0.52 0.56 
0.60 0.64 0.68 0.72 0.76 0.80 0.84 0.88 0.92 0.96 0.00 0.04 0.08 0.12 0.16 0.20 0.24 0.28 0.32 0.36 
0.40 0.44 0.48 0.52 0.56 0.60 0.64 0.68 0.72 0.76 0.80 0.84 0.88 0.92 0.96 0.00 0.04 0.08 0.12 0.16 
0.20 0.24 0.28 0.32 0.36 0.40 0.44 0.48 0.52 0.56 0.60 0.64 0.68 0.72 0.76 0.80 0.84 0.88 0.92 0.96 
0.00 50.40 48.30 48.40 46.60 0.25 0.30 0.35 0.40 0.45 0.50 0.55 0.60 0.65 0.70 0.75 0.80 0.85 0.90 0.95 
0.00 0.05 0.10 0.15 0.20 0.25 0.30 0.35 0.40 0.45 0.50 0.55 0.60 0.65 0.70 0.75 0.80 0.85 0.90 0.95 
0.00 0.05 0.10 0.15 0.20 0.25 0.30 0.35 0.40 0.45 0.50 0.55 0.60 0.65 0.70 0.75 0.80 0.85 0.90 0.95 
0.00 0.05 0.10 0.15 0.20 0.25 0.30 0.35 0.40 0.45 0.50 0.55 0.60 0.65 0.70 0.75 0.80 0.85 0.90 0.95 
0.00 0.05 0.10 0.15 0.20 0.25 0.30 0.35 0.40 0.45 0.50 0.55 0.60 0.65 0.70 0.75 0.80 0.85 0.90 0.95 
0.00 51.46 53.92 57.02 49.84 47.30 0.36 0.42 0.48 0.54 0.60 0.66 0.72 0.78 0.84 0.90 0.96 0.02 0.08 0.14 
0.20 0.26 0.32 0.38 0.44 0.50 0.56 0.62 0.68 0.74 0.80 0.86 0.92 0.98 0.04 0.10 0.16 0.22 0.28 0.34 
0.40 0.46 0.52 0.58 0.64 0.70 0.76 0.82 0.88 0.94 0.00 0.06 0.12 0.18 0.24 0.30 0.36 0.42 0.48 0.54 
0.60 0.66 0.72 0.78 0.84 0.90 0.96 0.02 0.08 0.14 0.20 0.26 0.32 0.38 0.44 0.50 0.56 0.62 0.68 0.74 
0.80 0.86 0.92 0.98 0.04 0.10 0.16 0.22 0.28 0.34 0.40 0.46 0.52 0.58 0.64 0.70 0.76 0.82 0.88 0.94 
0.00 51.32 49.14 50.04 48.28 48.60 49.58 0.49 0.56 0.63 0.70 0.77 0.84 0.91 0.98 0.05 0.12 0.19 0.26 0.33 
0.40 0.47 0.54 0.61 0.68 0.75 0.82 0.89 0.96 0.03 0.10 0.17 0.24 0.31 0.38 0.45 0.52 0.59 0.66 0.73 
0.80 0.87 0.94 0.01 0.08 0.15 0.22 0.29 0.36 0.43 0.50 0.57 0.64 0.71 0.78 0.85 0.92 0.99 0.06 0.13 
0.20 0.27 0.34 0.41 0.48 0.55 0.62 0.69 0.76 0.83 0.90 0.97 0.04 0.11 0.18 0.25 0.32 0.39 0.46 0.53 
0.60 0.67 0.74 0.81 0.88 0.95 0.02 0.09 0.16 0.23 0.30 0.37 0.44 0.51 0.58 0.65 0.72 0.79 0.86 0.93 
0.00 49.68 51.36 48.56 54.72 46.40 49.12 48.24 0.64 0.72 0.80 0.88 0.96 0.04 0.12 0.20 0.28 0.36 0.44 0.52 
0.60 0.68 0.76 0.84 0.92 0.00 0.08 0.16 0.24 0.32 0.40 0.48 0.56 0.64 0.72 0.80 0.88 0.96 0.04 0.12 
0.20 0.28 0.36 0.44 0.52 0.60 0.68 0.76 0.84 0.92 0.00 0.08 0.16 0.24 0.32 0.40 0.48 0.56 0.64 0.72 
0.80 0.88 0.96 0.04 0.12 0.20 0.28 0.36 0.44 0.52 0.60 0.68 0.76 0.84 0.92 0.00 0.08 0.16 0.24 0.32 
0.40 0.48 0.56 0.64 0.72 0.80 0.88 0.96 0.04 0.12 0.20 0.28 0.36 0.44 0.52 0.60 0.68 0.76 0.84 0.92 
0.00 49.92 49.34 54.72 48.68 47.60 51.94 49.48 49.52 0.81 0.90 0.99 0.08 0.17 0.26 0.35 0.44 0.53 0.62 0.71 
0.80 0.89 0.98 0.07 0.16 0.25 0.34 0.43 0.52 0.61 0.70 0.79 0.88 0.97 0.06 0.15 0.24 0.33 0.42 0.51 
0.60 0.69 0.78 0.87 0.96 0.05 0.14 0.23 0.32 0.41 0.50 0.59 0.68 0.77 0.86 0.95 0.04 0.13 0.22 0.31 
0.40 0.49 0.58 0.67 0.76 0.85 0.94 0.03 0.12 0.21 0.30 0.39 0.48 0.57 0.66 0.75 0.84 0.93 0.02 0.11 
0.20 0.29 0.38 0.47 0.56 0.65 0.74 0.83 0.92 0.01 0.10 0.19 0.28 0.37 0.46 0.55 0.64 0.73 0.82 0.91 
0.00 46.30 47.60 45.30 45.20 51.50 45.60 45.70 44.80 44.70 0.00 0.10 0.20 0.30 0.40 0.50 0.60 0.70 0.80 0.90 
0.00 0.10 0.20 0.30 0.40 0.50 0.60 0.70 0.80 0.90 0.00 0.10 0.20 0.30 0.40 0.50 0.60 0.70 0.80 0.90 
0.00 0.10 0.20 0.30 0.40 0.50 0.60 0.70 0.80 0.90 0.00 0.10 0.20 0.30 0.40 0.50 0.60 0.70 0.80 0.90 
0.00 0.10 0.20 0.30 0.40 0.50 0.60 0.70 0.80 0.90 0.00 0.10 0.20 0.30 0.40 0.50 0.60 0.70 0.80 0.90 
0.00 0.10 0.20 0.30 0.40 0.50 0.60 0.70 0.80 0.90 0.00 0.10 0.20 0.30 0.40 0.50 0.60 0.70 0.80 0.90 
0.00 49.28 49.06 49.68 48.12 48.40 48.86 50.12 48.88 50.32 46.30 0.21 0.32 0.43 0.54 0.65 0.76 0.87 0.98 0.09 
0.20 0.31 0.42 0.53 0.64 0.75 0.86 0.97 0.08 0.19 0.30 0.41 0.52 0.63 0.74 0.85 0.96 0.07 0.18 0.29 
0.40 0.51 0.62 0.73 0.84 0.95 0.06 0.17 0.28 0.39 0.50 0.61 0.72 0.83 0.94 0.05 0.16 0.27 0.38 0.49 
0.60 0.71 0.82 0.93 0.04 0.15 0.26 0.37 0.48 0.59 0.70 0.81 0.92 0.03 0.14 0.25 0.36 0.47 0.58 0.69 
0.80 0.91 0.02 0.13 0.24 0.35 0.46 0.57 0.68 0.79 0.90 0.01 0.12 0.23 0.34 0.45 0.56 0.67 0.78 0.89 
0.00 48.92 49.84 52.04 51.68 46.60 56.08 49.16 50.24 48.88 44.20 46.72 0.44 0.56 0.68 0.80 0.92 0.04 0.16 0.28 
0.40 0.52 0.64 0.76 0.88 0.00 0.12 0.24 0.36 0.48 0.60 0.72 0.84 0.96 0.08 0.20 0.32 0.44 0.56 0.68 
0.80 0.92 0.04 0.16 0.28 0.40 0.52 0.64 0.76 0.88 0.00 0.12 0.24 0.36 0.48 0.60 0.72 0.84 0.96 0.08 
0.20 0.32 0.44 0.56 0.68 0.80 0.92 0.04 0.16 0.28 0.40 0.52 0.64 0.76 0.88 0.00 0.12 0.24 0.36 0.48 
0.60 0.72 0.84 0.96 0.08 0.20 0.32 0.44 0.56 0.68 0.80 0.92 0.04 0.16 0.28 0.40 0.52 0.64 0.76 0.88 
0.00 50.28 50.06 49.56 50.12 47.40 49.62 50.24 48.36 47.92 45.30 48.48 48.24 0.69 0.82 0.95 0.08 0.21 0.34 0.47 
0.60 0.73 0.86 0.99 0.12 0.25 0.38 0.51 0.64 0.77 0.90 0.03 0.16 0.29 0.42 0.55 0.68 0.81 0.94 0.07 
0.20 0.33 0.46 0.59 0.72 0.85 0.98 0.11 0.24 0.37 0.50 0.63 0.76 0.89 0.02 0.15 0.28 0.41 0.54 0.67 
0.80 0.93 0.06 0.19 0.32 0.45 0.58 0.71 0.84 0.97 0.10 0.23 0.36 0.49 0.62 0.75 0.88 0.01 0.14 0.27 
0.40 0.53 0.66 0.79 0.92 0.05 0.18 0.31 0.44 0.57 0.70 0.83 0.96 0.09 0.22 0.35 0.48 0.61 0.74 0.87 
0.00 49.14 49.28 49.58 48.56 47.70 50.16 57.82 47.48 48.46 45.40 48.74 49.32 49.98 0.96 0.10 0.24 0.38 0.52 0.66 
0.80 0.94 0.08 0.22 0.36 0.50 0.64 0.78 0.92 0.06 0.20 0.34 0.48 0.62 0.76 0.90 0.04 0.18 0.32 0.46 
0.60 0.74 0.88 0.02 0.16 0.30 0.44 0.58 0.72 0.86 0.00 0.14 0.28 0.42 0.56 0.70 0.84 0.98 0.12 0.26 
0.40 0.54 0.68 0.82 0.96 0.10 0.24 0.38 0.52 0.66 0.80 0.94 0.08 0.22 0.36 0.50 0.64 0.78 0.92 0.06 
0.20 0.34 0.48 0.62 0.76 0.90 0.04 0.18 0.32 0.46 0.60 0.74 0.88 0.02 0.16 0.30 0.44 0.58 0.72 0.86 
0.00 48.40 47.30 50.80 46.60 52.00 49.10 47.20 45.80 48.60 45.50 47.40 47.20 48.80 45.90 0.25 0.40 0.55 0.70 0.85 
0.00 0.15 0.30 0.45 0.60 0.75 0.90 0.05 0.20 0.35 0.50 0.65 0.80 0.95 0.10 0.25 0.40 0.55 0.70 0.85 
0.00 0.15 0.30 0.45 0.60 0.75 0.90 0.05 0.20 0.35 0.50 0.65 0.80 0.95 0.10 0.25 0.40 0.55 0.70 0.85 
0.00 0.15 0.30 0.45 0.60 0.75 0.90 0.05 0.20 0.35 0.50 0.65 0.80 0.95 0.10 0.25 0.40 0.55 0.70 0.85 
0.00 0.15 0.30 0.45 0.60 0.75 0.90 0.05 0.20 0.35 0.50 0.65 0.80 0.95 0.10 0.25 0.40 0.55 0.70 0.85 
0.00 48.48 48.96 48.48 49.92 46.40 48.96 47.32 54.68 48.12 43.80 49.08 48.92 47.28 46.64 46.40 0.56 0.72 0.88 0.04 
0.20 0.36 0.52 0.68 0.84 0.00 0.16 0.32 0.48 0.64 0.80 0.96 0.12 0.28 0.44 0.60 0.76 0.92 0.08 0.24 
0.40 0.56 0.72 0.88 0.04 0.20 0.36 0.52 0.68 0.84 0.00 0.16 0.32 0.48 0.64 0.80 0.96 0.12 0.28 0.44 
0.60 0.76 0.92 0.08 0.24 0.40 0.56 0.72 0.88 0.04 0.20 0.36 0.52 0.68 0.84 0.00 0.16 0.32 0.48 0.64 
0.80 0.96 0.12 0.28 0.44 0.60 0.76 0.92 0.08 0.24 0.40 0.56 0.72 0.88 0.04 0.20 0.36 0.52 0.68 0.84 
0.00 51.12 51.74 49.84 49.48 47.60 49.18 49.36 48.04 50.68 45.70 48.92 48.36 50.04 49.22 45.20 47.12 0.89 0.06 0.23 
0.40 0.57 0.74 0.91 0.08 0.25 0.42 0.59 0.76 0.93 0.10 0.27 0.44 0.61 0.78 0.95 0.12 0.29 0.46 0.63 
0.80 0.97 0.14 0.31 0.48 0.65 0.82 0.99 0.16 0.33 0.50 0.67 0.84 0.01 0.18 0.35 0.52 0.69 0.86 0.03 
0.20 0.37 0.54 0.71 0.88 0.05 0.22 0.39 0.56 0.73 0.90 0.07 0.24 0.41 0.58 0.75 0.92 0.09 0.26 0.43 
0.60 0.77 0.94 0.11 0.28 0.45 0.62 0.79 0.96 0.13 0.30 0.47 0.64 0.81 0.98 0.15 0.32 0.49 0.66 0.83 
0.00 49.34 49.68 51.94 49.36 46.70 53.88 48.46 50.04 57.46 43.40 50.14 49.76 49.34 47.92 47.70 48.24 49.86 0.24 0.42 
0.60 0.78 0.96 0.14 0.32 0.50 0.68 0.86 0.04 0.22 0.40 0.58 0.76 0.94 0.12 0.30 0.48 0.66 0.84 0.02 
0.20 0.38 0.56 0.74 0.92 0.10 0.28 0.46 0.64 0.82 0.00 0.18 0.36 0.54 0.72 0.90 0.08 0.26 0.44 0.62 
0.80 0.98 0.16 0.34 0.52 0.70 0.88 0.06 0.24 0.42 0.60 0.78 0.96 0.14 0.32 0.50 0.68 0.86 0.04 0.22 
0.40 0.58 0.76 0.94 0.12 0.30 0.48 0.66 0.84 0.02 0.20 0.38 0.56 0.74 0.92 0.10 0.28 0.46 0.64 0.82 
0.00 49.52 49.54 49.92 49.08 45.60 48.34 51.28 47.72 49.88 44.70 49.92 46.68 50.12 52.06 47.60 47.72 51.48 49.26 0.61 
0.80 0.99 0.18 0.37 0.56 0.75 0.94 0.13 0.32 0.51 0.70 0.89 0.08 0.27 0.46 0.65 0.84 0.03 0.22 0.41 
0.60 0.79 0.98 0.17 0.36 0.55 0.74 0.93 0.12 0.31 0.50 0.69 0.88 0.07 0.26 0.45 0.64 0.83 0.02 0.21 
0.40 0.59 0.78 0.97 0.16 0.35 0.54 0.73 0.92 0.11 0.30 0.49 0.68 0.87 0.06 0.25 0.44 0.63 0.82 0.01 
0.20 0.39 0.58 0.77 0.96 0.15 0.34 0.53 0.72 0.91 0.10 0.29 0.48 0.67 0.86 0.05 0.24 0.43 0.62 0.81 
0.00 40.60 41.20 40.60 42.40 42.00 40.20 40.40 40.60 40.40 44.00 40.60 40.40 40.60 40.80 40.00 38.60 40.40 39.80 40.40 
0.00 0.20 0.40 0.60 0.80 0.00 0.20 0.40 0.60 0.80 0.00 0.20 0.40 0.60 0.80 0.00 0.20 0.40 0.60 0.80 
0.00 0.20 0.40 0.60 0.80 0.00 0.20 0.40 0.60 0.80 0.00 0.20 0.40 0.60 0.80 0.00 0.20 0.40 0.60 0.80 
0.00 0.20 0.40 0.60 0.80 0.00 0.20 0.40 0.60 0.80 0.00 0.20 0.40 0.60 0.80 0.00 0.20 0.40 0.60 0.80 
0.00 0.20 0.40 0.60 0.80 0.00 0.20 0.40 0.60 0.80 0.00 0.20 0.40 0.60 0.80 0.00 0.20 0.40 0.60 0.80 
0.00 49.88 49.26 51.88 48.52 50.40 49.26 54.92 47.08 50.72 46.30 49.48 48.52 51.68 52.34 48.40 44.68 50.72 49.94 50.32 
40.60 0.41 0.62 0.83 0.04 0.25 0.46 0.67 0.88 0.09 0.30 0.51 0.72 0.93 0.14 0.35 0.56 0.77 0.98 0.19 
0.40 0.61 0.82 0.03 0.24 0.45 0.66 0.87 0.08 0.29 0.50 0.71 0.92 0.13 0.34 0.55 0.76 0.97 0.18 0.39 
0.60 0.81 0.02 0.23 0.44 0.65 0.86 0.07 0.28 0.49 0.70 0.91 0.12 0.33 0.54 0.75 0.96 0.17 0.38 0.59 
0.80 0.01 0.22 0.43 0.64 0.85 0.06 0.27 0.48 0.69 0.90 0.11 0.32 0.53 0.74 0.95 0.16 0.37 0.58 0.79 
0.00 49.06 49.12 48.86 48.24 48.30 47.72 48.74 48.76 50.14 47.60 57.26 45.44 47.46 47.48 47.30 49.16 47.34 50.28 49.34 
41.20 49.46 0.84 0.06 0.28 0.50 0.72 0.94 0.16 0.38 0.60 0.82 0.04 0.26 0.48 0.70 0.92 0.14 0.36 0.58 
0.80 0.02 0.24 0.46 0.68 0.90 0.12 0.34 0.56 0.78 0.00 0.22 0.44 0.66 0.88 0.10 0.32 0.54 0.76 0.98 
0.20 0.42 0.64 0.86 0.08 0.30 0.52 0.74 0.96 0.18 0.40 0.62 0.84 0.06 0.28 0.50 0.72 0.94 0.16 0.38 
0.60 0.82 0.04 0.26 0.48 0.70 0.92 0.14 0.36 0.58 0.80 0.02 0.24 0.46 0.68 0.90 0.12 0.34 0.56 0.78 
0.00 49.08 48.66 50.36 47.32 48.40 49.22 50.44 45.16 48.12 45.30 48.28 48.44 50.16 49.38 50.80 47.08 50.24 46.74 51.32 
40.60 50.48 49.06 0.29 0.52 0.75 0.98 0.21 0.44 0.67 0.90 0.13 0.36 0.59 0.82 0.05 0.28 0.51 0.74 0.97 
0.20 0.43 0.66 0.89 0.12 0.35 0.58 0.81 0.04 0.27 0.50 0.73 0.96 0.19 0.42 0.65 0.88 0.11 0.34 0.57 
0.80 0.03 0.26 0.49 0.72 0.95 0.18 0.41 0.64 0.87 0.10 0.33 0.56 0.79 0.02 0.25 0.48 0.71 0.94 0.17 
0.40 0.63 0.86 0.09 0.32 0.55 0.78 0.01 0.24 0.47 0.70 0.93 0.16 0.39 0.62 0.85 0.08 0.31 0.54 0.77 
0.00 47.92 47.84 50.32 47.68 46.60 51.64 47.88 52.12 48.48 45.20 48.32 55.28 46.52 46.76 46.60 50.12 48.08 48.96 44.88 
42.40 47.72 47.64 47.72 0.76 0.00 0.24 0.48 0.72 0.96 0.20 0.44 0.68 0.92 0.16 0.40 0.64 0.88 0.12 0.36 
0.60 0.84 0.08 0.32 0.56 0.80 0.04 0.28 0.52 0.76 0.00 0.24 0.48 0.72 0.96 0.20 0.44 0.68 0.92 0.16 
0.40 0.64 0.88 0.12 0.36 0.60 0.84 0.08 0.32 0.56 0.80 0.04 0.28 0.52 0.76 0.00 0.24 0.48 0.72 0.96 
0.20 0.44 0.68 0.92 0.16 0.40 0.64 0.88 0.12 0.36 0.60 0.84 0.08 0.32 0.56 0.80 0.04 0.28 0.52 0.76 
0.00 38.00 37.50 38.00 36.00 39.00 37.50 38.00 36.00 38.00 35.50 38.00 36.00 38.00 37.50 37.00 36.00 38.00 37.50 38.00 
30.00 38.00 37.50 38.00 36.00 0.25 0.50 0.75 0.00 0.25 0.50 0.75 0.00 0.25 0.50 0.75 0.00 0.25 0.50 0.75 
0.00 0.25 0.50 0.75 0.00 0.25 0.50 0.75 0.00 0.25 0.50 0.75 0.00 0.25 0.50 0.75 0.00 0.25 0.50 0.75 
0.00 0.25 0.50 0.75 0.00 0.25 0.50 0.75 0.00 0.25 0.50 0.75 0.00 0.25 0.50 0.75 0.00 0.25 0.50 0.75 
0.00 0.25 0.50 0.75 0.00 0.25 0.50 0.75 0.00 0.25 0.50 0.75 0.00 0.25 0.50 0.75 0.00 0.25 0.50 0.75 
0.00 50.06 51.12 49.62 51.24 47.30 49.24 49.98 48.72 49.34 45.60 47.46 47.48 57.22 49.96 49.10 46.56 49.58 49.68 50.74 
40.20 51.86 44.92 49.82 45.04 37.50 0.76 0.02 0.28 0.54 0.80 0.06 0.32 0.58 0.84 0.10 0.36 0.62 0.88 0.14 
0.40 0.66 0.92 0.18 0.44 0.70 0.96 0.22 0.48 0.74 0.00 0.26 0.52 0.78 0.04 0.30 0.56 0.82 0.08 0.34 
0.60 0.86 0.12 0.38 0.64 0.90 0.16 0.42 0.68 0.94 0.20 0.46 0.72 0.98 0.24 0.50 0.76 0.02 0.28 0.54 
0.80 0.06 0.32 0.58 0.84 0.10 0.36 0.62 0.88 0.14 0.40 0.66 0.92 0.18 0.44 0.70 0.96 0.22 0.48 0.74 
0.00 49.92 50.34 50.64 49.68 48.60 49.78 50.56 51.84 54.88 45.70 48.72 48.56 49.84 49.62 47.20 49.92 49.76 52.26 44.68 
40.40 49.52 49.94 46.04 49.28 38.00 49.18 0.29 0.56 0.83 0.10 0.37 0.64 0.91 0.18 0.45 0.72 0.99 0.26 0.53 
0.80 0.07 0.34 0.61 0.88 0.15 0.42 0.69 0.96 0.23 0.50 0.77 0.04 0.31 0.58 0.85 0.12 0.39 0.66 0.93 
0.20 0.47 0.74 0.01 0.28 0.55 0.82 0.09 0.36 0.63 0.90 0.17 0.44 0.71 0.98 0.25 0.52 0.79 0.06 0.33 
0.60 0.87 0.14 0.41 0.68 0.95 0.22 0.49 0.76 0.03 0.30 0.57 0.84 0.11 0.38 0.65 0.92 0.19 0.46 0.73 
0.00 48.28 48.56 49.16 48.12 46.40 49.32 52.64 46.96 46.92 44.80 46.48 49.64 48.96 56.28 45.80 45.28 48.44 44.84 49.12 
40.60 49.68 44.96 48.76 45.52 36.00 48.92 48.24 0.84 0.12 0.40 0.68 0.96 0.24 0.52 0.80 0.08 0.36 0.64 0.92 
0.20 0.48 0.76 0.04 0.32 0.60 0.88 0.16 0.44 0.72 0.00 0.28 0.56 0.84 0.12 0.40 0.68 0.96 0.24 0.52 
0.80 0.08 0.36 0.64 0.92 0.20 0.48 0.76 0.04 0.32 0.60 0.88 0.16 0.44 0.72 0.00 0.28 0.56 0.84 0.12 
0.40 0.68 0.96 0.24 0.52 0.80 0.08 0.36 0.64 0.92 0.20 0.48 0.76 0.04 0.32 0.60 0.88 0.16 0.44 0.72 
0.00 50.12 49.74 52.12 48.48 47.60 49.74 48.08 49.92 50.28 44.70 49.52 48.48 45.32 46.66 48.60 52.32 50.28 49.06 49.68 
40.40 45.92 49.54 49.52 49.28 38.00 47.14 50.48 47.32 0.41 0.70 0.99 0.28 0.57 0.86 0.15 0.44 0.73 0.02 0.31 
0.60 0.89 0.18 0.47 0.76 0.05 0.34 0.63 0.92 0.21 0.50 0.79 0.08 0.37 0.66 0.95 0.24 0.53 0.82 0.11 
0.40 0.69 0.98 0.27 0.56 0.85 0.14 0.43 0.72 0.01 0.30 0.59 0.88 0.17 0.46 0.75 0.04 0.33 0.62 0.91 
0.20 0.49 0.78 0.07 0.36 0.65 0.94 0.23 0.52 0.81 0.10 0.39 0.68 0.97 0.26 0.55 0.84 0.13 0.42 0.71 
0.00 45.30 45.60 47.10 44.20 45.50 48.20 43.90 43.60 45.70 45.00 45.30 45.40 47.10 42.80 51.50 44.80 43.90 45.40 45.70 
40.00 45.30 45.60 47.10 44.20 35.50 48.20 43.90 43.60 45.70 0.00 0.30 0.60 0.90 0.20 0.50 0.80 0.10 0.40 0.70 
0.00 0.30 0.60 0.90 0.20 0.50 0.80 0.10 0.40 0.70 0.00 0.30 0.60 0.90 0.20 0.50 0.80 0.10 0.40 0.70 
0.00 0.30 0.60 0.90 0.20 0.50 0.80 0.10 0.40 0.70 0.00 0.30 0.60 0.90 0.20 0.50 0.80 0.10 0.40 0.70 
0.00 0.30 0.60 0.90 0.20 0.50 0.80 0.10 0.40 0.70 0.00 0.30 0.60 0.90 0.20 0.50 0.80 0.10 0.40 0.70 
0.00 49.48 49.46 51.08 47.92 48.40 50.66 44.72 49.28 50.12 46.30 50.08 50.32 48.88 46.94 47.40 49.28 51.52 49.74 46.72 
40.60 49.68 49.66 44.68 52.12 38.00 48.26 51.32 47.88 50.32 45.30 0.61 0.92 0.23 0.54 0.85 0.16 0.47 0.78 0.09 
0.40 0.71 0.02 0.33 0.64 0.95 0.26 0.57 0.88 0.19 0.50 0.81 0.12 0.43 0.74 0.05 0.36 0.67 0.98 0.29 
0.60 0.91 0.22 0.53 0.84 0.15 0.46 0.77 0.08 0.39 0.70 0.01 0.32 0.63 0.94 0.25 0.56 0.87 0.18 0.49 
0.80 0.11 0.42 0.73 0.04 0.35 0.66 0.97 0.28 0.59 0.90 0.21 0.52 0.83 0.14 0.45 0.76 0.07 0.38 0.69 
0.00 47.52 47.04 48.64 45.08 46.60 48.28 48.56 49.84 47.28 44.20 49.32 47.56 47.84 49.12 47.20 54.52 44.76 45.56 48.08 
40.40 47.12 49.64 48.04 48.68 36.00 47.68 48.96 50.24 49.88 45.40 48.92 0.24 0.56 0.88 0.20 0.52 0.84 0.16 0.48 
0.80 0.12 0.44 0.76 0.08 0.40 0.72 0.04 0.36 0.68 0.00 0.32 0.64 0.96 0.28 0.60 0.92 0.24 0.56 0.88 
0.20 0.52 0.84 0.16 0.48 0.80 0.12 0.44 0.76 0.08 0.40 0.72 0.04 0.36 0.68 0.00 0.32 0.64 0.96 0.28 
0.60 0.92 0.24 0.56 0.88 0.20 0.52 0.84 0.16 0.48 0.80 0.12 0.44 0.76 0.08 0.40 0.72 0.04 0.36 0.68 
0.00 44.88 47.26 50.16 47.52 47.40 49.82 49.64 48.96 50.32 45.30 55.08 48.64 49.96 49.78 48.80 49.88 46.44 49.14 51.52 
40.60 50.28 51.66 49.76 48.92 38.00 49.42 50.24 48.56 50.72 47.10 51.48 52.24 0.89 0.22 0.55 0.88 0.21 0.54 0.87 
0.20 0.53 0.86 0.19 0.52 0.85 0.18 0.51 0.84 0.17 0.50 0.83 0.16 0.49 0.82 0.15 0.48 0.81 0.14 0.47 
0.80 0.13 0.46 0.79 0.12 0.45 0.78 0.11 0.44 0.77 0.10 0.43 0.76 0.09 0.42 0.75 0.08 0.41 0.74 0.07 
0.40 0.73 0.06 0.39 0.72 0.05 0.38 0.71 0.04 0.37 0.70 0.03 0.36 0.69 0.02 0.35 0.68 0.01 0.34 0.67 
0.00 51.74 54.48 49.18 49.96 47.70 49.36 49.22 48.08 49.86 45.40 47.34 48.72 49.58 49.44 45.90 45.24 57.62 50.72 49.46 
40.80 49.94 44.68 49.98 48.16 37.50 50.16 49.02 47.88 49.06 42.80 49.54 41.52 41.38 0.56 0.90 0.24 0.58 0.92 0.26 
0.60 0.94 0.28 0.62 0.96 0.30 0.64 0.98 0.32 0.66 0.00 0.34 0.68 0.02 0.36 0.70 0.04 0.38 0.72 0.06 
0.40 0.74 0.08 0.42 0.76 0.10 0.44 0.78 0.12 0.46 0.80 0.14 0.48 0.82 0.16 0.50 0.84 0.18 0.52 0.86 
0.20 0.54 0.88 0.22 0.56 0.90 0.24 0.58 0.92 0.26 0.60 0.94 0.28 0.62 0.96 0.30 0.64 0.98 0.32 0.66 
0.00 48.60 47.70 47.20 46.40 52.00 45.90 50.80 47.20 48.40 45.50 47.60 45.80 45.20 49.10 46.00 46.60 48.80 47.30 47.40 
40.00 48.60 47.70 47.20 46.40 37.00 45.90 50.80 47.20 48.40 39.50 47.60 45.80 45.20 49.10 0.25 0.60 0.95 0.30 0.65 
0.00 0.35 0.70 0.05 0.40 0.75 0.10 0.45 0.80 0.15 0.50 0.85 0.20 0.55 0.90 0.25 0.60 0.95 0.30 0.65 
0.00 0.35 0.70 0.05 0.40 0.75 0.10 0.45 0.80 0.15 0.50 0.85 0.20 0.55 0.90 0.25 0.60 0.95 0.30 0.65 
0.00 0.35 0.70 0.05 0.40 0.75 0.10 0.45 0.80 0.15 0.50 0.85 0.20 0.55 0.90 0.25 0.60 0.95 0.30 0.65 
0.00 48.68 49.36 48.88 49.72 46.40 49.76 46.92 52.08 51.92 43.80 49.28 51.52 48.68 44.84 46.40 47.48 49.72 55.84 48.52 
38.60 48.88 49.56 47.48 49.92 36.00 48.36 49.52 41.68 48.12 44.80 48.48 42.12 47.28 51.44 46.60 0.96 0.32 0.68 0.04 
0.40 0.76 0.12 0.48 0.84 0.20 0.56 0.92 0.28 0.64 0.00 0.36 0.72 0.08 0.44 0.80 0.16 0.52 0.88 0.24 
0.60 0.96 0.32 0.68 0.04 0.40 0.76 0.12 0.48 0.84 0.20 0.56 0.92 0.28 0.64 0.00 0.36 0.72 0.08 0.44 
0.80 0.16 0.52 0.88 0.24 0.60 0.96 0.32 0.68 0.04 0.40 0.76 0.12 0.48 0.84 0.20 0.56 0.92 0.28 0.64 
0.00 49.72 48.94 49.44 46.88 47.60 49.38 49.76 48.64 48.08 45.70 54.52 48.76 46.64 49.02 45.20 49.72 49.96 49.66 48.88 
40.40 45.32 51.54 49.84 50.48 38.00 41.78 50.16 48.04 51.68 43.90 50.12 49.16 50.04 49.42 48.80 48.32 0.69 0.06 0.43 
0.80 0.17 0.54 0.91 0.28 0.65 0.02 0.39 0.76 0.13 0.50 0.87 0.24 0.61 0.98 0.35 0.72 0.09 0.46 0.83 
0.20 0.57 0.94 0.31 0.68 0.05 0.42 0.79 0.16 0.53 0.90 0.27 0.64 0.01 0.38 0.75 0.12 0.49 0.86 0.23 
0.60 0.97 0.34 0.71 0.08 0.45 0.82 0.19 0.56 0.93 0.30 0.67 0.04 0.41 0.78 0.15 0.52 0.89 0.26 0.63 
0.00 49.54 50.08 48.34 49.16 46.70 47.68 52.06 46.44 49.26 43.40 49.34 45.36 50.74 54.12 47.70 47.44 49.46 49.52 57.06 
39.80 50.14 49.68 52.14 40.76 37.50 51.48 46.86 50.24 48.86 45.40 41.94 48.16 49.54 49.92 47.30 48.04 48.26 0.44 0.82 
0.20 0.58 0.96 0.34 0.72 0.10 0.48 0.86 0.24 0.62 0.00 0.38 0.76 0.14 0.52 0.90 0.28 0.66 0.04 0.42 
0.80 0.18 0.56 0.94 0.32 0.70 0.08 0.46 0.84 0.22 0.60 0.98 0.36 0.74 0.12 0.50 0.88 0.26 0.64 0.02 
0.40 0.78 0.16 0.54 0.92 0.30 0.68 0.06 0.44 0.82 0.20 0.58 0.96 0.34 0.72 0.10 0.48 0.86 0.24 0.62 
0.00 49.72 49.94 50.32 48.88 45.60 50.14 50.88 48.12 49.68 44.70 46.12 50.28 54.52 50.26 47.60 47.92 55.08 48.86 50.08 
40.40 49.52 41.74 48.72 48.68 38.00 51.54 48.28 50.52 49.48 45.70 49.92 47.68 48.92 51.66 47.40 47.72 48.48 49.66 0.21 
0.60 0.99 0.38 0.77 0.16 0.55 0.94 0.33 0.72 0.11 0.50 0.89 0.28 0.67 0.06 0.45 0.84 0.23 0.62 0.01 
0.40 0.79 0.18 0.57 0.96 0.35 0.74 0.13 0.52 0.91 0.30 0.69 0.08 0.47 0.86 0.25 0.64 0.03 0.42 0.81 
0.20 0.59 0.98 0.37 0.76 0.15 0.54 0.93 0.32 0.71 0.10 0.49 0.88 0.27 0.66 0.05 0.44 0.83 0.22 0.61 
0.00 40.40 40.80 39.80 40.60 40.00 39.60 41.20 41.80 40.60 40.00 40.40 39.20 39.80 41.40 38.00 40.40 41.20 40.20 40.60 
40.00 40.40 40.80 39.80 40.60 30.00 39.60 41.20 41.80 40.60 36.00 40.40 39.20 39.80 41.40 42.00 40.40 41.20 40.20 40.60 
0.00 0.40 0.80 0.20 0.60 0.00 0.40 0.80 0.20 0.60 0.00 0.40 0.80 0.20 0.60 0.00 0.40 0.80 0.20 0.60 
0.00 0.40 0.80 0.20 0.60 0.00 0.40 0.80 0.20 0.60 0.00 0.40 0.80 0.20 0.60 0.00 0.40 0.80 0.20 0.60 
0.00 0.40 0.80 0.20 0.60 0.00 0.40 0.80 0.20 0.60 0.00 0.40 0.80 0.20 0.60 0.00 0.40 0.80 0.20 0.60 
0.00 50.08 49.66 48.28 48.32 50.40 47.06 50.52 47.48 46.52 46.30 49.68 48.12 48.08 50.54 48.40 48.88 50.32 41.54 50.12 
40.60 50.28 48.86 54.88 48.52 38.00 49.66 48.12 50.08 50.72 45.30 49.88 49.72 50.68 49.14 48.60 45.08 47.92 49.74 50.32 
40.40 0.81 0.22 0.63 0.04 0.45 0.86 0.27 0.68 0.09 0.50 0.91 0.32 0.73 0.14 0.55 0.96 0.37 0.78 0.19 
0.60 0.01 0.42 0.83 0.24 0.65 0.06 0.47 0.88 0.29 0.70 0.11 0.52 0.93 0.34 0.75 0.16 0.57 0.98 0.39 
0.80 0.21 0.62 0.03 0.44 0.85 0.26 0.67 0.08 0.49 0.90 0.31 0.72 0.13 0.54 0.95 0.36 0.77 0.18 0.59 
0.00 49.26 49.52 49.26 48.04 48.30 49.52 52.34 45.16 49.94 47.60 49.46 48.04 51.86 54.68 47.30 41.36 49.94 49.88 50.14 
41.20 57.66 48.92 50.46 47.44 37.50 54.72 48.54 50.36 41.34 45.60 48.86 45.24 49.06 50.88 47.70 48.76 47.14 50.28 49.54 
40.80 49.06 0.64 0.06 0.48 0.90 0.32 0.74 0.16 0.58 0.00 0.42 0.84 0.26 0.68 0.10 0.52 0.94 0.36 0.78 
0.20 0.62 0.04 0.46 0.88 0.30 0.72 0.14 0.56 0.98 0.40 0.82 0.24 0.66 0.08 0.50 0.92 0.34 0.76 0.18 
0.60 0.02 0.44 0.86 0.28 0.70 0.12 0.54 0.96 0.38 0.80 0.22 0.64 0.06 0.48 0.90 0.32 0.74 0.16 0.58 
0.00 51.68 49.86 49.96 48.72 48.40 49.42 45.84 48.76 50.52 45.30 50.88 47.84 49.76 41.18 50.80 49.68 49.64 50.54 44.72 
40.60 48.08 50.26 50.56 49.12 38.00 49.02 50.44 44.36 54.92 47.10 51.28 48.44 49.36 49.78 47.20 50.08 50.24 46.94 50.12 
39.80 49.48 46.66 0.49 0.92 0.35 0.78 0.21 0.64 0.07 0.50 0.93 0.36 0.79 0.22 0.65 0.08 0.51 0.94 0.37 
0.80 0.23 0.66 0.09 0.52 0.95 0.38 0.81 0.24 0.67 0.10 0.53 0.96 0.39 0.82 0.25 0.68 0.11 0.54 0.97 
0.40 0.83 0.26 0.69 0.12 0.55 0.98 0.41 0.84 0.27 0.70 0.13 0.56 0.99 0.42 0.85 0.28 0.71 0.14 0.57 
0.00 48.12 48.24 46.72 47.48 46.60 45.44 46.48 48.52 49.28 45.20 52.52 41.88 47.92 44.96 46.60 49.32 47.68 49.56 48.68 
42.40 47.92 56.04 48.12 47.28 36.00 46.84 48.88 41.92 49.08 44.20 48.32 51.28 49.32 47.36 46.40 50.12 49.08 49.36 44.48 
40.60 47.72 47.84 50.52 0.36 0.80 0.24 0.68 0.12 0.56 0.00 0.44 0.88 0.32 0.76 0.20 0.64 0.08 0.52 0.96 
0.40 0.84 0.28 0.72 0.16 0.60 0.04 0.48 0.92 0.36 0.80 0.24 0.68 0.12 0.56 0.00 0.44 0.88 0.32 0.76 
0.20 0.64 0.08 0.52 0.96 0.40 0.84 0.28 0.72 0.16 0.60 0.04 0.48 0.92 0.36 0.80 0.24 0.68 0.12 0.56 
0.00 47.60 46.70 48.60 46.40 46.00 47.70 48.40 46.60 50.40 39.50 45.60 46.40 47.60 47.30 52.00 46.60 47.40 48.30 48.40 
38.00 47.60 46.70 48.60 46.40 39.00 47.70 48.40 46.60 50.40 45.50 45.60 46.40 47.60 47.30 52.00 46.60 47.40 48.30 48.40 
40.00 47.60 46.70 48.60 46.40 0.25 0.70 0.15 0.60 0.05 0.50 0.95 0.40 0.85 0.30 0.75 0.20 0.65 0.10 0.55 
0.00 0.45 0.90 0.35 0.80 0.25 0.70 0.15 0.60 0.05 0.50 0.95 0.40 0.85 0.30 0.75 0.20 0.65 0.10 0.55 
0.00 0.45 0.90 0.35 0.80 0.25 0.70 0.15 0.60 0.05 0.50 0.95 0.40 0.85 0.30 0.75 0.20 0.65 0.10 0.55 
0.00 48.66 48.32 49.22 45.64 47.30 49.44 49.38 41.32 46.74 45.60 49.06 47.88 49.82 49.76 49.10 45.16 49.98 44.48 52.14 
40.20 50.46 49.12 57.42 46.44 37.50 49.64 41.58 49.52 48.54 48.20 46.86 48.08 49.02 49.96 45.90 46.96 49.18 54.28 49.94 
39.60 52.26 50.92 49.62 48.24 47.70 0.16 0.62 0.08 0.54 0.00 0.46 0.92 0.38 0.84 0.30 0.76 0.22 0.68 0.14 
0.60 0.06 0.52 0.98 0.44 0.90 0.36 0.82 0.28 0.74 0.20 0.66 0.12 0.58 0.04 0.50 0.96 0.42 0.88 0.34 
0.80 0.26 0.72 0.18 0.64 0.10 0.56 0.02 0.48 0.94 0.40 0.86 0.32 0.78 0.24 0.70 0.16 0.62 0.08 0.54 
0.00 48.52 47.54 46.24 48.08 48.60 41.98 49.96 48.44 48.28 45.70 50.32 44.96 49.44 49.42 47.20 48.52 50.16 47.06 51.08 
40.40 52.12 50.14 50.64 46.68 38.00 49.38 50.36 47.84 51.88 43.90 49.92 48.36 49.84 49.82 50.80 48.12 49.56 50.66 49.68 
41.20 54.72 49.74 50.04 50.28 48.40 49.78 0.09 0.56 0.03 0.50 0.97 0.44 0.91 0.38 0.85 0.32 0.79 0.26 0.73 
0.20 0.67 0.14 0.61 0.08 0.55 0.02 0.49 0.96 0.43 0.90 0.37 0.84 0.31 0.78 0.25 0.72 0.19 0.66 0.13 
0.60 0.07 0.54 0.01 0.48 0.95 0.42 0.89 0.36 0.83 0.30 0.77 0.24 0.71 0.18 0.65 0.12 0.59 0.06 0.53 
0.00 46.88 45.76 48.76 42.52 46.40 49.52 48.04 47.56 48.32 44.80 49.08 50.04 44.56 48.08 45.80 51.88 47.84 48.64 46.52 
40.60 47.28 50.16 48.36 54.92 36.00 41.12 48.64 47.16 49.72 43.60 50.48 49.64 49.16 47.68 47.20 48.28 52.44 45.04 47.92 
41.80 48.68 46.56 48.96 51.32 46.60 48.72 48.24 0.04 0.52 0.00 0.48 0.96 0.44 0.92 0.40 0.88 0.36 0.84 0.32 
0.80 0.28 0.76 0.24 0.72 0.20 0.68 0.16 0.64 0.12 0.60 0.08 0.56 0.04 0.52 0.00 0.48 0.96 0.44 0.92 
0.40 0.88 0.36 0.84 0.32 0.80 0.28 0.76 0.24 0.72 0.20 0.68 0.16 0.64 0.12 0.60 0.08 0.56 0.04 0.52 
0.00 46.32 42.14 48.52 45.28 47.60 47.54 51.68 47.32 50.08 44.70 49.72 48.08 49.72 49.86 48.60 48.52 44.88 49.66 49.48 
40.40 50.12 49.94 49.92 49.08 38.00 48.94 49.08 48.72 49.88 45.70 49.52 49.48 51.12 47.26 48.40 48.32 50.28 49.46 49.28 
40.60 49.92 49.74 51.32 48.88 50.40 50.34 54.48 50.12 0.01 0.50 0.99 0.48 0.97 0.46 0.95 0.44 0.93 0.42 0.91 
0.40 0.89 0.38 0.87 0.36 0.85 0.34 0.83 0.32 0.81 0.30 0.79 0.28 0.77 0.26 0.75 0.24 0.73 0.22 0.71 
0.20 0.69 0.18 0.67 0.16 0.65 0.14 0.63 0.12 0.61 0.10 0.59 0.08 0.57 0.06 0.55 0.04 0.53 0.02 0.51 
0.00 25.50 25.00 25.50 24.00 25.50 25.00 25.50 24.00 25.50 25.00 25.50 24.00 25.50 25.00 25.50 24.00 25.50 25.00 25.50 
20.00 25.50 25.00 25.50 24.00 25.50 25.00 25.50 24.00 25.50 25.00 25.50 24.00 25.50 25.00 25.50 24.00 25.50 25.00 25.50 
20.00 25.50 25.00 25.50 24.00 25.50 25.00 25.50 24.00 25.50 0.00 0.50 0.00 0.50 0.00 0.50 0.00 0.50 0.00 0.50 
0.00 0.50 0.00 0.50 0.00 0.50 0.00 0.50 0.00 0.50 0.00 0.50 0.00 0.50 0.00 0.50 0.00 0.50 0.00 0.50 
0.00 0.50 0.00 0.50 0.00 0.50 0.00 0.50 0.00 0.50 0.00 0.50 0.00 0.50 0.00 0.50 0.00 0.50 0.00 0.50 
0.00 53.68 56.86 51.48 51.72 48.40 51.46 48.32 49.68 49.92 46.30 50.28 48.92 50.28 49.14 47.40 48.48 55.12 49.34 50.52 
40.60 49.88 49.06 50.08 47.92 38.00 50.06 50.92 48.28 50.12 45.30 50.48 47.52 48.88 51.74 47.60 48.68 49.72 49.54 50.72 
40.40 50.08 49.26 48.68 48.12 45.60 48.66 45.52 46.88 34.32 25.50 0.01 0.52 0.03 0.54 0.05 0.56 0.07 0.58 0.09 
0.60 0.11 0.62 0.13 0.64 0.15 0.66 0.17 0.68 0.19 0.70 0.21 0.72 0.23 0.74 0.25 0.76 0.27 0.78 0.29 
0.80 0.31 0.82 0.33 0.84 0.35 0.86 0.37 0.88 0.39 0.90 0.41 0.92 0.43 0.94 0.45 0.96 0.47 0.98 0.49 
0.00 50.12 51.24 48.24 54.48 46.60 47.48 48.96 49.44 48.68 44.20 47.92 46.96 52.44 48.92 47.20 45.12 49.16 48.36 50.48 
40.40 49.72 46.84 48.64 42.08 36.00 55.88 48.36 49.84 47.28 45.40 46.52 47.36 47.84 49.32 45.80 48.72 44.56 51.96 49.08 
39.20 48.32 50.44 48.04 45.68 46.40 48.28 48.76 34.24 46.88 24.00 50.12 0.04 0.56 0.08 0.60 0.12 0.64 0.16 0.68 
0.20 0.72 0.24 0.76 0.28 0.80 0.32 0.84 0.36 0.88 0.40 0.92 0.44 0.96 0.48 0.00 0.52 0.04 0.56 0.08 
0.60 0.12 0.64 0.16 0.68 0.20 0.72 0.24 0.76 0.28 0.80 0.32 0.84 0.36 0.88 0.40 0.92 0.44 0.96 0.48 
0.00 51.48 51.46 53.76 48.92 47.40 57.02 50.04 48.56 51.72 45.30 49.68 52.04 50.56 49.58 48.80 48.48 49.84 51.94 48.92 
40.60 47.88 48.86 49.36 50.32 38.00 49.62 49.64 49.16 48.12 47.10 50.08 48.64 50.16 49.18 45.20 48.88 50.44 48.34 50.32 
39.80 45.28 49.26 49.96 46.72 47.60 49.22 34.24 48.76 45.52 25.50 54.48 48.24 0.09 0.62 0.15 0.68 0.21 0.74 0.27 
0.80 0.33 0.86 0.39 0.92 0.45 0.98 0.51 0.04 0.57 0.10 0.63 0.16 0.69 0.22 0.75 0.28 0.81 0.34 0.87 
0.40 0.93 0.46 0.99 0.52 0.05 0.58 0.11 0.64 0.17 0.70 0.23 0.76 0.29 0.82 0.35 0.88 0.41 0.94 0.47 
0.00 50.34 50.68 49.78 51.36 47.70 49.56 49.62 55.68 52.26 45.40 49.94 49.12 49.18 49.24 45.90 51.84 49.02 54.52 46.86 
40.80 48.54 49.88 41.58 50.56 37.50 49.36 57.42 47.48 50.46 42.80 52.14 48.92 49.98 49.04 49.10 50.04 49.82 44.72 49.06 
41.40 46.74 48.08 49.38 48.76 47.30 34.16 49.22 48.28 48.66 25.00 50.34 48.72 49.78 0.16 0.70 0.24 0.78 0.32 0.86 
0.40 0.94 0.48 0.02 0.56 0.10 0.64 0.18 0.72 0.26 0.80 0.34 0.88 0.42 0.96 0.50 0.04 0.58 0.12 0.66 
0.20 0.74 0.28 0.82 0.36 0.90 0.44 0.98 0.52 0.06 0.60 0.14 0.68 0.22 0.76 0.30 0.84 0.38 0.92 0.46 
0.00 48.40 48.30 47.40 46.60 50.00 47.30 47.60 46.40 45.60 51.50 50.40 46.60 48.40 47.70 44.00 46.40 48.60 46.70 47.60 
42.00 48.40 48.30 47.40 46.60 37.00 47.30 47.60 46.40 45.60 45.50 50.40 46.60 48.40 47.70 44.00 46.40 48.60 46.70 47.60 
40.00 48.40 48.30 47.40 46.60 34.00 47.30 47.60 46.40 45.60 25.50 50.40 46.60 48.40 47.70 0.25 0.80 0.35 0.90 0.45 
0.00 0.55 0.10 0.65 0.20 0.75 0.30 0.85 0.40 0.95 0.50 0.05 0.60 0.15 0.70 0.25 0.80 0.35 0.90 0.45 
0.00 0.55 0.10 0.65 0.20 0.75 0.30 0.85 0.40 0.95 0.50 0.05 0.60 0.15 0.70 0.25 0.80 0.35 0.90 0.45 
0.00 48.88 48.76 50.28 49.52 46.40 51.56 50.52 48.48 47.72 43.80 44.48 55.12 49.08 52.04 46.40 47.68 49.32 47.44 48.32 
38.60 49.08 40.96 48.88 49.72 36.00 50.16 48.12 55.08 47.92 44.80 48.68 45.72 47.68 49.64 46.60 46.88 47.92 47.64 52.52 
40.40 49.28 49.16 46.48 33.92 46.60 48.76 46.72 45.68 48.12 24.00 48.88 51.32 50.28 48.24 46.40 0.36 0.92 0.48 0.04 
0.60 0.16 0.72 0.28 0.84 0.40 0.96 0.52 0.08 0.64 0.20 0.76 0.32 0.88 0.44 0.00 0.56 0.12 0.68 0.24 
0.80 0.36 0.92 0.48 0.04 0.60 0.16 0.72 0.28 0.84 0.40 0.96 0.52 0.08 0.64 0.20 0.76 0.32 0.88 0.44 
0.00 48.32 49.14 50.04 48.28 47.60 49.58 54.16 48.24 49.48 45.70 49.12 49.16 50.24 57.82 45.20 47.32 50.36 48.46 55.28 
40.40 51.92 48.74 49.44 47.88 38.00 49.98 49.56 52.64 45.08 43.90 48.72 48.56 50.64 49.22 48.80 46.92 49.76 52.06 49.88 
41.20 50.52 52.34 33.84 46.48 47.40 49.38 49.96 48.04 48.68 25.50 51.32 48.96 50.04 49.62 48.60 50.52 0.49 0.06 0.63 
0.20 0.77 0.34 0.91 0.48 0.05 0.62 0.19 0.76 0.33 0.90 0.47 0.04 0.61 0.18 0.75 0.32 0.89 0.46 0.03 
0.60 0.17 0.74 0.31 0.88 0.45 0.02 0.59 0.16 0.73 0.30 0.87 0.44 0.01 0.58 0.15 0.72 0.29 0.86 0.43 
0.00 49.74 49.48 49.74 48.96 46.70 49.48 46.66 51.84 49.06 43.40 49.54 48.96 47.14 44.32 47.70 55.64 49.06 49.12 48.86 
39.80 41.34 50.08 48.54 49.56 37.50 44.28 50.46 46.64 57.66 45.40 50.14 51.76 49.94 48.12 47.30 48.24 51.86 48.72 49.46 
40.20 49.94 33.68 52.34 49.16 48.30 48.08 49.26 50.44 49.26 25.00 49.74 46.56 49.74 50.92 46.70 47.84 46.66 0.64 0.22 
0.80 0.38 0.96 0.54 0.12 0.70 0.28 0.86 0.44 0.02 0.60 0.18 0.76 0.34 0.92 0.50 0.08 0.66 0.24 0.82 
0.40 0.98 0.56 0.14 0.72 0.30 0.88 0.46 0.04 0.62 0.20 0.78 0.36 0.94 0.52 0.10 0.68 0.26 0.84 0.42 
0.00 49.92 49.34 51.72 48.68 45.60 51.94 49.48 49.52 53.48 44.70 50.32 48.88 51.92 48.46 47.60 48.12 49.68 57.46 49.88 
40.40 49.72 50.14 45.12 48.48 38.00 49.34 51.88 46.92 49.28 45.70 50.12 47.28 49.32 49.86 47.40 51.92 52.08 49.26 49.68 
40.60 33.52 49.94 50.52 49.28 48.40 46.74 45.28 48.32 50.08 25.50 49.92 48.68 54.72 52.26 47.60 47.72 49.48 49.06 0.81 
0.40 0.99 0.58 0.17 0.76 0.35 0.94 0.53 0.12 0.71 0.30 0.89 0.48 0.07 0.66 0.25 0.84 0.43 0.02 0.61 
0.20 0.79 0.38 0.97 0.56 0.15 0.74 0.33 0.92 0.51 0.10 0.69 0.28 0.87 0.46 0.05 0.64 0.23 0.82 0.41 
0.00 40.60 40.20 41.20 40.40 40.00 41.40 39.80 39.20 40.40 40.00 40.60 41.80 41.20 39.60 42.00 40.60 39.80 40.80 40.40 
40.00 40.60 40.20 41.20 40.40 30.00 41.40 39.80 39.20 40.40 44.00 40.60 41.80 41.20 39.60 38.00 40.60 39.80 40.80 40.40 
32.00 40.60 40.20 41.20 40.40 40.00 41.40 39.80 39.20 40.40 20.00 40.60 41.80 41.20 39.60 40.00 40.60 39.80 40.80 40.40 
0.00 0.60 0.20 0.80 0.40 0.00 0.60 0.20 0.80 0.40 0.00 0.60 0.20 0.80 0.40 0.00 0.60 0.20 0.80 0.40 
0.00 0.60 0.20 0.80 0.40 0.00 0.60 0.20 0.80 0.40 0.00 0.60 0.20 0.80 0.40 0.00 0.60 0.20 0.80 0.40 
0.00 50.28 49.06 49.68 48.12 50.40 48.86 49.12 48.88 50.32 46.30 53.88 46.72 45.48 48.74 48.40 49.08 44.92 50.14 49.92 
40.60 50.48 57.26 51.28 48.32 38.00 47.46 51.72 46.48 50.52 45.30 50.08 49.32 51.08 47.34 48.60 49.28 51.52 49.34 34.12 
40.40 49.68 49.46 49.88 52.52 47.60 49.06 50.32 49.08 50.72 25.50 49.28 47.92 49.68 49.94 48.40 44.48 50.12 49.54 50.32 
40.60 0.21 0.82 0.43 0.04 0.65 0.26 0.87 0.48 0.09 0.70 0.31 0.92 0.53 0.14 0.75 0.36 0.97 0.58 0.19 
0.80 0.41 0.02 0.63 0.24 0.85 0.46 0.07 0.68 0.29 0.90 0.51 0.12 0.73 0.34 0.95 0.56 0.17 0.78 0.39 
0.00 49.46 48.92 50.66 47.84 48.30 51.32 46.94 50.56 49.74 47.60 49.66 51.64 48.26 44.88 47.30 49.56 49.54 49.48 41.94 
41.20 48.86 49.32 46.86 56.24 37.50 47.52 52.14 46.76 50.14 45.60 57.06 48.84 49.46 49.08 47.70 48.96 50.74 33.88 49.34 
40.80 49.26 48.72 52.06 47.64 46.70 44.72 48.34 51.96 49.54 25.00 49.46 45.04 50.66 54.28 48.30 49.36 46.94 50.28 49.74 
40.20 49.66 0.44 0.06 0.68 0.30 0.92 0.54 0.16 0.78 0.40 0.02 0.64 0.26 0.88 0.50 0.12 0.74 0.36 0.98 
0.60 0.22 0.84 0.46 0.08 0.70 0.32 0.94 0.56 0.18 0.80 0.42 0.04 0.66 0.28 0.90 0.52 0.14 0.76 0.38 
0.00 50.28 50.06 50.56 50.12 48.40 49.62 50.24 48.36 51.92 45.30 45.48 48.24 53.36 49.98 50.80 47.28 50.04 49.34 51.12 
40.60 54.68 47.46 50.16 46.52 38.00 57.22 49.84 48.96 48.32 47.10 49.88 47.84 49.96 49.58 47.20 48.68 33.64 50.74 51.52 
39.80 52.08 51.86 49.76 47.92 48.60 49.82 50.44 44.56 49.72 25.50 50.28 52.44 49.56 49.18 47.40 49.08 50.24 47.14 47.92 
41.20 48.48 48.26 0.69 0.32 0.95 0.58 0.21 0.84 0.47 0.10 0.73 0.36 0.99 0.62 0.25 0.88 0.51 0.14 0.77 
0.40 0.03 0.66 0.29 0.92 0.55 0.18 0.81 0.44 0.07 0.70 0.33 0.96 0.59 0.22 0.85 0.48 0.11 0.74 0.37 
0.00 48.32 47.64 48.12 47.28 46.60 47.24 50.08 44.92 45.08 45.20 47.72 45.48 48.32 52.16 46.60 49.52 47.28 41.16 48.48 
42.40 48.12 47.44 49.52 47.08 36.00 48.64 47.48 55.32 48.88 44.20 48.52 54.88 49.72 45.56 46.40 33.32 48.68 48.96 49.28 
40.60 51.92 48.24 46.92 46.88 46.40 50.04 48.88 48.72 48.68 24.00 48.32 48.28 48.12 46.96 46.60 50.12 50.08 48.76 45.08 
40.40 47.72 48.04 48.32 0.96 0.60 0.24 0.88 0.52 0.16 0.80 0.44 0.08 0.72 0.36 0.00 0.64 0.28 0.92 0.56 
0.20 0.84 0.48 0.12 0.76 0.40 0.04 0.68 0.32 0.96 0.60 0.24 0.88 0.52 0.16 0.80 0.44 0.08 0.72 0.36 
0.00 47.40 47.30 48.80 46.60 44.00 49.10 45.20 45.80 47.60 45.50 48.40 47.20 50.80 45.90 50.00 46.40 47.20 47.70 48.60 
40.00 47.40 47.30 48.80 46.60 39.00 49.10 45.20 45.80 47.60 51.50 48.40 47.20 50.80 45.90 34.00 46.40 47.20 47.70 48.60 
38.00 47.40 47.30 48.80 46.60 44.00 49.10 45.20 45.80 47.60 25.50 48.40 47.20 50.80 45.90 52.00 46.40 47.20 47.70 48.60 
42.00 47.40 47.30 48.80 46.60 0.25 0.90 0.55 0.20 0.85 0.50 0.15 0.80 0.45 0.10 0.75 0.40 0.05 0.70 0.35 
0.00 0.65 0.30 0.95 0.60 0.25 0.90 0.55 0.20 0.85 0.50 0.15 0.80 0.45 0.10 0.75 0.40 0.05 0.70 0.35 
0.00 47.26 44.52 49.82 47.04 47.30 49.64 49.78 48.92 49.14 45.60 51.66 48.28 49.42 49.56 49.10 51.76 41.38 48.28 49.54 
40.20 49.06 54.32 49.02 48.84 37.50 48.84 49.98 49.12 49.94 48.20 49.46 55.48 57.62 33.76 45.90 45.56 49.58 49.08 47.34 
39.60 49.86 48.12 49.22 49.64 47.70 49.04 49.18 49.32 51.74 25.00 47.26 47.68 49.82 49.96 47.30 47.36 49.78 50.88 49.14 
41.40 51.66 49.92 49.42 51.44 49.10 0.56 0.22 0.88 0.54 0.20 0.86 0.52 0.18 0.84 0.50 0.16 0.82 0.48 0.14 
0.80 0.46 0.12 0.78 0.44 0.10 0.76 0.42 0.08 0.74 0.40 0.06 0.72 0.38 0.04 0.70 0.36 0.02 0.68 0.34 
0.00 55.12 51.74 49.84 49.48 48.60 49.18 50.36 48.04 49.68 45.70 44.92 48.36 50.04 49.22 47.20 47.12 53.56 49.86 48.48 
40.40 49.72 47.34 50.24 48.08 38.00 49.58 49.76 48.44 49.28 43.90 48.52 44.76 33.44 57.62 50.80 49.72 49.96 49.46 51.08 
41.20 49.32 49.94 50.64 47.68 48.40 49.98 50.16 47.84 48.88 25.50 51.12 49.16 49.84 49.02 47.60 49.32 49.36 49.06 50.68 
39.80 48.92 49.54 50.04 47.28 45.20 41.38 0.89 0.56 0.23 0.90 0.57 0.24 0.91 0.58 0.25 0.92 0.59 0.26 0.93 
0.60 0.27 0.94 0.61 0.28 0.95 0.62 0.29 0.96 0.63 0.30 0.97 0.64 0.31 0.98 0.65 0.32 0.99 0.66 0.33 
0.00 49.48 49.96 48.36 51.92 46.40 48.72 48.44 47.16 49.72 44.80 47.68 49.44 49.16 47.88 45.80 42.48 52.24 51.44 48.92 
40.60 49.88 47.36 48.96 48.32 36.00 49.32 48.04 46.76 47.12 43.60 48.08 34.04 44.76 55.48 47.20 54.88 47.84 48.84 49.32 
41.80 47.28 51.76 48.56 45.72 46.60 48.92 48.64 47.36 47.52 24.00 49.48 49.64 48.36 48.08 46.40 51.28 48.44 45.24 49.72 
39.20 47.68 48.16 49.16 42.12 45.80 41.52 52.24 0.24 0.92 0.60 0.28 0.96 0.64 0.32 0.00 0.68 0.36 0.04 0.72 
0.40 0.08 0.76 0.44 0.12 0.80 0.48 0.16 0.84 0.52 0.20 0.88 0.56 0.24 0.92 0.60 0.28 0.96 0.64 0.32 
0.00 50.52 49.54 48.92 49.08 47.60 48.34 55.28 47.72 49.88 44.70 49.92 46.68 51.12 52.06 48.60 47.72 48.48 49.26 53.28 
40.40 50.32 49.34 55.32 44.88 38.00 50.74 48.68 49.12 49.68 45.70 33.72 48.08 48.52 49.46 48.40 48.52 49.88 57.06 50.08 
40.60 50.12 50.14 48.72 48.68 50.40 52.14 50.08 46.52 50.48 25.50 49.52 50.48 49.92 46.86 45.60 48.32 51.28 48.86 49.88 
40.40 49.92 41.94 50.12 48.48 47.60 49.54 51.48 48.92 0.61 0.30 0.99 0.68 0.37 0.06 0.75 0.44 0.13 0.82 0.51 
0.20 0.89 0.58 0.27 0.96 0.65 0.34 0.03 0.72 0.41 0.10 0.79 0.48 0.17 0.86 0.55 0.24 0.93 0.62 0.31 
0.00 45.70 45.40 43.90 44.80 45.50 42.80 47.10 45.40 45.30 45.00 45.70 43.60 43.90 48.20 39.50 44.20 47.10 45.60 45.30 
40.00 45.70 45.40 43.90 44.80 35.50 42.80 47.10 45.40 45.30 33.00 45.70 43.60 43.90 48.20 51.50 44.20 47.10 45.60 45.30 
44.00 45.70 45.40 43.90 44.80 45.50 42.80 47.10 45.40 45.30 25.00 45.70 43.60 43.90 48.20 45.50 44.20 47.10 45.60 45.30 
36.00 45.70 45.40 43.90 44.80 39.50 42.80 47.10 45.40 45.30 0.00 0.70 0.40 0.10 0.80 0.50 0.20 0.90 0.60 0.30 
0.00 0.70 0.40 0.10 0.80 0.50 0.20 0.90 0.60 0.30 0.00 0.70 0.40 0.10 0.80 0.50 0.20 0.90 0.60 0.30 
0.00 49.88 49.26 47.88 48.52 48.40 49.26 51.92 47.08 49.72 46.30 50.48 48.52 54.68 52.34 47.40 44.68 49.72 49.94 50.32 
40.60 54.08 49.46 50.48 47.72 38.00 51.86 49.52 49.68 33.92 45.30 49.68 47.12 49.28 49.94 47.60 48.88 48.32 50.14 50.52 
40.40 49.28 57.66 45.08 47.92 45.60 50.46 48.12 47.28 50.12 25.50 49.88 49.72 51.88 48.54 50.40 49.08 54.92 41.34 50.72 
40.60 49.48 48.86 51.68 48.12 48.40 49.06 50.72 49.88 50.32 45.70 0.41 0.12 0.83 0.54 0.25 0.96 0.67 0.38 0.09 
0.80 0.51 0.22 0.93 0.64 0.35 0.06 0.77 0.48 0.19 0.90 0.61 0.32 0.03 0.74 0.45 0.16 0.87 0.58 0.29 
0.00 48.72 48.44 47.84 48.88 46.60 47.68 44.36 50.04 50.08 44.20 50.52 47.36 48.04 40.72 47.20 51.72 48.56 52.16 47.88 
40.40 47.32 52.04 48.24 51.48 36.00 48.08 48.76 33.44 49.68 45.40 49.12 46.76 48.44 49.12 45.80 55.32 48.96 46.76 46.48 
39.20 46.92 46.64 52.64 55.08 46.40 47.48 49.16 49.84 48.28 24.00 48.72 47.16 47.84 49.52 46.60 41.92 44.36 50.36 50.08 
41.80 50.52 50.24 48.04 41.68 47.20 47.88 48.56 50.24 47.88 43.60 47.32 0.84 0.56 0.28 0.00 0.72 0.44 0.16 0.88 
0.60 0.32 0.04 0.76 0.48 0.20 0.92 0.64 0.36 0.08 0.80 0.52 0.24 0.96 0.68 0.40 0.12 0.84 0.56 0.28 
0.00 50.08 48.66 49.36 47.32 47.40 49.22 49.44 45.16 45.12 45.30 51.28 48.44 50.16 49.38 48.80 47.08 50.24 46.74 55.32 
40.60 50.48 49.06 53.96 47.72 38.00 49.82 34.04 48.76 49.52 47.10 48.68 48.04 49.76 49.98 45.20 47.48 49.84 52.14 51.72 
39.80 51.88 50.46 49.56 48.12 47.60 57.42 49.64 48.36 50.92 25.50 49.08 48.64 50.36 41.58 48.40 48.88 50.44 48.54 48.12 
41.20 48.28 46.86 50.16 49.52 50.80 49.02 50.24 48.96 51.32 43.90 50.48 48.24 0.29 0.02 0.75 0.48 0.21 0.94 0.67 
0.40 0.13 0.86 0.59 0.32 0.05 0.78 0.51 0.24 0.97 0.70 0.43 0.16 0.89 0.62 0.35 0.08 0.81 0.54 0.27 
0.00 48.94 47.88 49.38 45.76 47.70 49.76 49.02 48.28 49.66 45.40 51.54 49.52 41.78 49.04 45.90 50.44 49.42 49.32 48.26 
40.80 47.14 54.08 49.18 51.96 37.50 33.56 49.82 48.08 51.86 42.80 50.74 49.32 49.58 48.84 49.10 48.64 57.22 47.52 47.46 
41.40 49.34 44.28 49.98 50.16 47.30 49.36 49.62 55.88 50.06 25.00 48.94 41.12 49.38 49.64 47.70 46.84 49.02 54.72 49.66 
39.60 51.54 51.48 41.78 48.36 45.90 50.16 49.42 47.68 48.26 48.20 47.14 48.92 49.18 0.76 0.50 0.24 0.98 0.72 0.46 
0.20 0.94 0.68 0.42 0.16 0.90 0.64 0.38 0.12 0.86 0.60 0.34 0.08 0.82 0.56 0.30 0.04 0.78 0.52 0.26 
0.00 38.00 37.50 38.00 36.00 37.00 37.50 38.00 36.00 38.00 35.50 38.00 36.00 38.00 37.50 39.00 36.00 38.00 37.50 38.00 
30.00 38.00 37.50 38.00 36.00 32.00 37.50 38.00 36.00 38.00 35.50 38.00 36.00 38.00 37.50 39.00 36.00 38.00 37.50 38.00 
30.00 38.00 37.50 38.00 36.00 37.00 37.50 38.00 36.00 38.00 25.50 38.00 36.00 38.00 37.50 39.00 36.00 38.00 37.50 38.00 
30.00 38.00 37.50 38.00 36.00 37.00 37.50 38.00 36.00 38.00 35.50 38.00 36.00 38.00 37.50 0.25 0.00 0.75 0.50 0.25 
0.00 0.75 0.50 0.25 0.00 0.75 0.50 0.25 0.00 0.75 0.50 0.25 0.00 0.75 0.50 0.25 0.00 0.75 0.50 0.25 
0.00 49.08 49.16 46.68 49.32 46.40 45.36 49.12 44.88 48.52 43.80 48.68 41.72 50.48 50.24 46.40 46.88 48.92 48.04 52.12 
38.60 49.28 49.36 49.28 33.52 36.00 51.96 47.72 51.48 47.72 44.80 44.88 48.32 48.08 48.84 46.60 47.08 46.52 56.24 48.32 
40.40 48.48 49.56 47.88 49.72 46.60 50.56 50.32 42.08 47.92 24.00 49.08 54.92 46.68 46.44 46.40 47.28 49.12 47.44 48.52 
40.60 48.68 40.76 50.48 49.92 46.40 48.16 48.92 48.68 52.12 44.20 49.28 45.52 49.28 45.04 36.00 0.76 0.52 0.28 0.04 
0.80 0.56 0.32 0.08 0.84 0.60 0.36 0.12 0.88 0.64 0.40 0.16 0.92 0.68 0.44 0.20 0.96 0.72 0.48 0.24 
0.00 50.92 50.34 49.64 49.68 47.60 49.78 49.56 51.84 51.88 45.70 51.72 48.56 49.84 49.62 45.20 49.92 49.76 52.26 48.68 
40.40 49.52 49.94 34.04 49.28 38.00 49.18 53.96 48.24 50.48 43.90 55.32 48.96 50.24 49.02 48.80 49.52 50.16 46.86 51.28 
41.20 45.12 48.54 49.44 48.88 47.40 41.58 49.36 48.64 50.08 25.50 49.92 48.36 50.64 57.42 48.60 48.12 50.56 50.46 54.88 
39.80 48.72 52.14 49.84 47.48 47.20 49.98 49.76 48.04 44.68 47.10 49.52 48.76 46.04 49.82 38.00 47.72 0.29 0.06 0.83 
0.60 0.37 0.14 0.91 0.68 0.45 0.22 0.99 0.76 0.53 0.30 0.07 0.84 0.61 0.38 0.15 0.92 0.69 0.46 0.23 
0.00 49.94 49.88 50.14 48.76 46.70 51.28 50.26 48.24 48.86 43.40 41.74 51.56 51.54 51.52 47.70 47.84 51.66 48.72 49.66 
39.80 49.54 33.48 49.94 49.36 37.50 54.08 49.06 52.04 49.46 45.40 49.34 47.36 47.34 54.32 47.30 47.44 47.46 49.32 57.26 
40.20 50.14 50.08 48.74 40.96 48.30 49.88 48.86 46.84 49.06 25.00 49.94 50.16 50.14 49.12 46.70 56.04 50.26 48.92 48.86 
40.80 41.74 49.68 51.54 49.56 47.70 44.68 51.66 49.64 49.66 45.60 49.54 44.96 49.94 44.92 37.50 47.64 49.06 0.84 0.62 
0.40 0.18 0.96 0.74 0.52 0.30 0.08 0.86 0.64 0.42 0.20 0.98 0.76 0.54 0.32 0.10 0.88 0.66 0.44 0.22 
0.00 50.12 49.74 48.12 48.48 45.60 49.74 45.08 49.92 49.28 44.70 50.52 48.48 48.32 46.66 47.60 52.32 49.28 49.06 49.68 
40.40 33.92 49.54 49.52 49.28 38.00 47.14 50.48 47.32 54.08 45.70 50.32 49.88 49.72 49.06 47.40 48.12 54.68 48.86 50.48 
40.60 49.72 41.34 51.92 49.08 48.40 48.54 47.88 49.72 49.88 25.50 50.12 47.28 52.12 50.46 47.60 47.92 48.08 57.66 50.28 
40.40 49.52 50.14 45.32 48.88 48.60 49.94 50.28 47.12 49.68 45.30 45.92 49.68 49.52 51.86 38.00 47.72 50.48 49.46 0.41 
0.20 0.99 0.78 0.57 0.36 0.15 0.94 0.73 0.52 0.31 0.10 0.89 0.68 0.47 0.26 0.05 0.84 0.63 0.42 0.21 
0.00 40.40 39.80 40.40 38.60 38.00 40.80 40.60 40.40 40.60 36.00 40.40 40.60 40.40 40.20 40.00 42.40 40.60 41.20 40.60 
32.00 40.40 39.80 40.40 38.60 30.00 40.80 40.60 40.40 40.60 40.00 40.40 40.60 40.40 40.20 40.00 42.40 40.60 41.20 40.60 
40.00 40.40 39.80 40.40 38.60 42.00 40.80 40.60 40.40 40.60 20.00 40.40 40.60 40.40 40.20 38.00 42.40 40.60 41.20 40.60 
40.00 40.40 39.80 40.40 38.60 40.00 40.80 40.60 40.40 40.60 40.00 40.40 40.60 40.40 40.20 30.00 42.40 40.60 41.20 40.60 
0.00 0.80 0.60 0.40 0.20 0.00 0.80 0.60 0.40 0.20 0.00 0.80 0.60 0.40 0.20 0.00 0.80 0.60 0.40 0.20 
0.00 50.48 49.46 50.08 47.92 50.40 50.66 48.72 49.28 50.12 46.30 50.08 50.32 49.88 46.94 48.40 49.28 48.52 49.74 33.72 
40.60 49.68 49.66 48.68 52.12 38.00 48.26 55.32 47.88 50.32 45.30 53.28 48.92 48.48 49.54 48.60 48.48 51.12 41.94 49.92 
40.40 49.88 48.86 55.28 48.32 47.60 46.86 48.92 50.48 50.52 25.50 49.48 46.52 51.08 52.14 48.40 48.68 44.72 50.14 50.12 
40.60 50.08 57.06 48.88 48.52 47.40 49.46 51.52 48.08 46.72 45.70 49.68 49.12 44.68 50.74 38.00 44.88 51.32 49.34 50.32 
40.40 0.61 0.42 0.23 0.04 0.85 0.66 0.47 0.28 0.09 0.90 0.71 0.52 0.33 0.14 0.95 0.76 0.57 0.38 0.19 
0.00 49.66 49.32 47.06 47.64 48.30 45.12 50.54 46.96 41.54 47.60 48.86 47.24 49.66 51.08 47.30 48.76 49.14 34.08 49.74 
41.20 49.06 48.72 52.26 48.04 37.50 49.32 46.74 52.16 49.94 45.60 49.26 51.44 49.86 48.28 47.70 41.16 49.34 49.48 50.14 
40.80 57.46 49.12 48.46 47.44 46.70 54.52 51.94 48.36 49.34 25.00 49.66 48.64 47.06 44.48 48.30 49.56 50.54 49.88 41.54 
40.20 48.86 49.52 49.66 55.84 47.30 50.72 49.14 45.56 49.74 45.40 49.06 44.84 52.26 49.68 37.50 48.96 46.74 50.28 49.94 
39.80 49.26 0.24 0.06 0.88 0.70 0.52 0.34 0.16 0.98 0.80 0.62 0.44 0.26 0.08 0.90 0.72 0.54 0.36 0.18 
0.00 48.88 47.26 50.16 47.52 48.40 49.82 50.64 48.96 49.32 45.30 51.08 48.64 49.96 49.78 50.80 49.88 33.44 49.14 48.52 
40.60 49.28 51.66 49.76 48.92 38.00 49.42 50.24 48.56 49.72 47.10 48.48 52.24 53.56 41.38 47.20 47.28 50.04 49.54 44.92 
39.80 49.68 49.06 50.36 49.32 48.60 49.02 49.84 49.16 55.12 25.50 44.88 47.84 50.16 49.98 47.40 47.68 49.64 49.94 50.32 
41.20 55.08 49.46 49.96 49.72 48.80 57.62 46.44 44.76 51.52 43.90 50.28 48.44 49.76 49.58 38.00 48.08 50.24 47.34 50.72 
40.40 51.48 49.86 0.89 0.72 0.55 0.38 0.21 0.04 0.87 0.70 0.53 0.36 0.19 0.02 0.85 0.68 0.51 0.34 0.17 
0.00 48.52 48.04 48.52 47.08 46.60 48.04 49.68 42.32 48.88 45.20 47.92 48.08 49.72 50.36 46.60 33.72 49.88 48.76 49.28 
42.40 52.32 47.84 49.92 46.88 36.00 50.44 47.08 51.72 44.68 44.20 47.72 42.48 47.12 51.76 46.40 49.52 47.28 49.56 49.08 
40.60 48.12 55.64 47.32 47.68 46.40 51.84 48.48 45.12 48.48 24.00 48.52 51.88 48.52 45.16 46.60 49.32 49.68 41.36 48.88 
40.40 47.92 47.44 49.72 47.48 46.60 45.24 49.88 54.52 49.28 44.80 52.32 45.28 49.92 46.56 36.00 50.12 47.08 49.16 44.68 
38.60 47.72 48.24 47.12 0.56 0.40 0.24 0.08 0.92 0.76 0.60 0.44 0.28 0.12 0.96 0.80 0.64 0.48 0.32 0.16 
0.00 47.60 47.70 45.20 46.40 44.00 45.90 48.80 47.20 47.40 45.50 48.60 45.80 47.20 49.10 34.00 46.60 50.80 47.30 48.40 
40.00 47.60 47.70 45.20 46.40 39.00 45.90 48.80 47.20 47.40 39.50 48.60 45.80 47.20 49.10 50.00 46.60 50.80 47.30 48.40 
42.00 47.60 47.70 45.20 46.40 44.00 45.90 48.80 47.20 47.40 25.50 48.60 45.80 47.20 49.10 52.00 46.60 50.80 47.30 48.40 
38.00 47.60 47.70 45.20 46.40 46.00 45.90 48.80 47.20 47.40 51.50 48.60 45.80 47.20 49.10 37.00 46.60 50.80 47.30 48.40 
40.00 47.60 47.70 45.20 46.40 0.25 0.10 0.95 0.80 0.65 0.50 0.35 0.20 0.05 0.90 0.75 0.60 0.45 0.30 0.15 
0.00 49.86 49.72 49.42 48.44 47.30 48.84 41.18 49.52 50.54 45.60 50.26 47.68 49.02 33.36 49.10 50.36 49.78 51.08 46.94 
40.20 46.66 51.52 49.62 50.24 37.50 49.04 49.38 40.72 52.34 48.20 52.06 47.88 49.22 49.56 45.90 52.16 49.98 44.88 48.74 
39.60 48.46 44.32 57.82 52.04 47.70 49.24 49.58 48.92 49.14 25.00 49.86 48.08 49.42 49.76 47.30 44.96 41.18 54.68 50.54 
41.40 50.26 54.12 49.02 44.84 49.10 49.44 49.78 49.12 46.94 42.80 46.66 56.28 49.62 49.96 37.50 46.76 49.38 47.48 52.34 
40.80 52.06 47.92 49.22 46.64 45.90 0.96 0.82 0.68 0.54 0.40 0.26 0.12 0.98 0.84 0.70 0.56 0.42 0.28 0.14 
0.00 49.72 48.94 50.44 46.88 48.60 49.38 49.76 48.64 52.08 45.70 51.52 48.76 33.64 49.02 47.20 49.72 49.96 49.66 49.88 
40.40 48.32 51.54 49.84 50.48 38.00 41.78 50.16 48.04 54.68 43.90 51.12 49.16 50.04 49.42 50.80 48.32 53.36 48.26 45.48 
41.20 51.92 47.14 50.24 49.08 48.40 49.18 50.56 52.44 50.28 25.50 49.72 44.56 49.44 49.82 47.60 47.92 49.76 51.86 48.08 
39.80 54.52 50.74 46.64 48.68 45.20 49.58 49.96 47.84 48.88 47.10 45.32 48.96 49.84 57.22 38.00 46.52 50.16 47.46 51.68 
40.60 50.12 49.34 50.04 47.28 48.80 49.98 0.69 0.56 0.43 0.30 0.17 0.04 0.91 0.78 0.65 0.52 0.39 0.26 0.13 
0.00 48.08 47.16 44.96 45.32 46.40 40.92 47.84 46.76 48.12 44.80 50.28 33.84 48.76 47.68 45.80 48.08 48.64 47.24 50.32 
40.60 48.48 51.56 48.56 41.72 36.00 49.52 48.44 47.36 48.52 43.60 46.68 49.44 48.36 48.28 47.20 45.48 48.24 51.64 46.72 
41.80 48.88 48.96 49.16 55.12 46.60 49.12 52.04 46.96 48.92 24.00 48.08 50.04 44.96 47.88 46.40 41.88 47.84 48.04 48.12 
39.20 50.28 45.36 48.76 51.52 45.80 48.72 48.64 47.56 50.32 45.40 48.48 49.64 48.56 47.48 36.00 55.28 48.44 45.44 48.52 
40.40 46.68 49.76 48.36 48.92 47.20 49.32 48.24 0.44 0.32 0.20 0.08 0.96 0.84 0.72 0.60 0.48 0.36 0.24 0.12 
0.00 50.72 49.94 50.32 48.88 47.60 50.14 49.88 48.12 49.68 44.70 34.12 50.28 51.52 50.26 48.60 47.92 51.08 48.86 50.08 
40.40 50.52 41.74 51.72 48.68 38.00 51.54 51.28 50.52 50.48 45.70 49.92 47.68 44.92 51.66 48.40 47.72 45.48 49.66 53.88 
40.60 50.32 49.54 49.12 44.48 50.40 49.94 49.68 47.92 50.28 25.50 49.72 49.08 50.32 49.06 45.60 52.52 50.88 49.46 49.68 
40.40 46.12 49.34 54.52 49.28 47.60 47.34 55.08 49.32 50.08 45.30 49.52 46.48 48.72 47.46 38.00 48.32 48.28 57.26 49.48 
40.60 49.92 50.14 48.92 49.08 47.40 48.74 48.48 46.72 0.21 0.10 0.99 0.88 0.77 0.66 0.55 0.44 0.33 0.22 0.11 
0.00 44.70 43.40 45.70 43.80 39.50 45.40 45.30 44.20 46.30 33.00 44.70 44.80 45.70 45.60 45.50 45.20 45.30 47.60 46.30 
36.00 44.70 43.40 45.70 43.80 35.50 45.40 45.30 44.20 46.30 45.00 44.70 44.80 45.70 45.60 45.50 45.20 45.30 47.60 46.30 
40.00 44.70 43.40 45.70 43.80 51.50 45.40 45.30 44.20 46.30 25.00 44.70 44.80 45.70 45.60 39.50 45.20 45.30 47.60 46.30 
40.00 44.70 43.40 45.70 43.80 45.50 45.40 45.30 44.20 46.30 45.00 44.70 44.80 45.70 45.60 35.50 45.20 45.30 47.60 46.30 
44.00 44.70 43.40 45.70 43.80 45.50 45.40 45.30 44.20 46.30 0.00 0.90 0.80 0.70 0.60 0.50 0.40 0.30 0.20 0.10 
0.00 50.08 49.66 45.28 48.32 48.40 47.06 50.52 47.48 33.52 46.30 49.68 48.12 52.08 50.54 47.40 48.88 49.32 41.54 50.12 
40.60 49.28 48.86 51.88 48.52 38.00 49.66 45.12 50.08 49.72 45.30 49.88 49.72 49.68 49.14 47.60 45.08 51.92 49.74 50.32 
40.40 53.48 49.06 49.48 47.72 45.60 52.26 51.72 48.68 49.92 25.50 50.08 48.32 48.28 46.74 50.40 49.28 50.52 49.94 46.52 
40.60 49.68 49.26 48.08 51.92 48.40 49.86 50.32 47.28 50.12 45.70 50.28 46.92 54.88 49.34 38.00 48.48 48.12 50.14 50.72 
40.40 49.88 57.46 50.68 48.12 48.60 48.46 47.92 48.88 50.32 44.70 0.81 0.72 0.63 0.54 0.45 0.36 0.27 0.18 0.09 
0.00 47.32 45.64 48.44 42.28 46.60 47.88 48.76 33.64 47.48 44.20 48.12 46.76 48.64 49.52 47.20 42.32 48.96 46.96 49.28 
40.40 49.92 48.24 51.84 44.88 36.00 48.28 45.16 50.04 47.08 45.40 47.72 47.16 48.04 48.92 45.80 44.92 48.36 50.56 48.88 
39.20 49.52 51.84 48.24 48.48 46.40 55.68 48.56 49.44 49.68 24.00 47.32 47.56 48.44 41.32 46.60 48.52 48.76 45.16 47.48 
41.80 48.12 46.44 48.64 52.08 47.20 48.08 48.96 49.84 49.28 43.60 49.92 46.96 51.84 48.72 36.00 52.12 45.16 48.76 47.08 
40.60 47.72 50.04 48.04 54.68 45.80 47.48 48.36 50.24 48.88 44.80 49.52 0.64 0.56 0.48 0.40 0.32 0.24 0.16 0.08 
0.00 48.68 49.86 49.96 48.72 47.40 49.42 33.84 48.76 50.52 45.30 49.88 47.84 49.76 41.18 48.80 49.68 50.64 50.54 48.72 
40.60 45.08 50.26 49.56 49.12 38.00 49.02 49.44 44.36 51.92 47.10 55.28 48.44 50.36 49.78 45.20 50.08 50.24 46.94 49.12 
39.80 49.48 46.66 54.16 50.52 47.60 49.62 50.04 48.96 48.32 25.50 51.68 48.04 49.96 49.38 48.40 46.48 45.84 52.34 50.52 
41.20 50.88 52.06 49.76 46.92 50.80 49.22 49.64 48.56 44.72 43.90 48.08 52.64 50.56 49.98 38.00 47.88 50.44 48.74 54.92 
40.40 51.28 48.46 49.36 47.32 47.20 57.82 50.24 49.16 50.12 45.70 49.48 48.24 0.49 0.42 0.35 0.28 0.21 0.14 0.07 
0.00 47.54 45.08 41.98 47.16 47.70 33.96 49.42 47.88 47.06 45.40 50.14 40.92 49.38 48.84 45.90 48.04 49.82 45.12 50.66 
40.80 49.74 51.28 49.78 45.36 37.50 49.76 49.22 47.68 49.26 42.80 48.34 48.72 49.18 49.64 49.10 47.24 49.62 51.32 48.86 
41.40 51.94 49.48 49.58 51.56 47.30 49.56 57.02 47.48 51.46 25.00 47.54 49.52 41.98 49.44 47.70 45.44 49.42 49.52 47.06 
39.60 50.14 47.68 49.38 49.76 45.90 49.36 49.82 48.28 50.66 48.20 49.74 49.32 49.78 49.24 37.50 51.64 49.22 47.72 49.26 
40.20 48.34 53.88 49.18 48.96 49.10 50.16 49.62 56.08 48.86 45.60 51.94 49.12 49.58 0.36 0.30 0.24 0.18 0.12 0.06 
0.00 45.60 46.70 47.60 46.40 34.00 47.70 47.40 46.60 48.40 39.50 47.60 46.40 48.60 47.30 44.00 46.60 48.40 48.30 50.40 
38.00 45.60 46.70 47.60 46.40 37.00 47.70 47.40 46.60 48.40 45.50 47.60 46.40 48.60 47.30 44.00 46.60 48.40 48.30 50.40 
40.00 45.60 46.70 47.60 46.40 50.00 47.70 47.40 46.60 48.40 25.50 47.60 46.40 48.60 47.30 46.00 46.60 48.40 48.30 50.40 
40.00 45.60 46.70 47.60 46.40 52.00 47.70 47.40 46.60 48.40 45.50 47.60 46.40 48.60 47.30 39.00 46.60 48.40 48.30 50.40 
42.00 45.60 46.70 47.60 46.40 52.00 47.70 47.40 46.60 48.40 51.50 47.60 46.40 48.60 47.30 0.25 0.20 0.15 0.10 0.05 
0.00 45.28 41.56 48.08 34.12 46.40 47.16 48.72 42.28 48.32 43.80 48.88 45.32 46.88 48.44 46.40 47.08 47.52 47.64 47.92 
38.60 48.48 48.76 49.68 49.32 36.00 45.76 47.32 48.88 48.52 44.80 49.08 51.92 49.48 47.04 46.60 47.28 50.12 47.84 48.12 
40.40 48.68 48.96 48.28 49.52 46.60 51.36 48.92 54.48 51.72 24.00 45.28 42.52 48.08 45.64 46.40 47.48 48.72 48.04 48.32 
40.60 48.88 49.16 46.88 49.72 46.40 49.96 47.52 45.08 47.92 44.20 48.48 48.12 49.68 51.24 36.00 47.68 47.32 48.24 48.52 
42.40 49.08 49.36 49.48 49.92 46.60 48.56 50.12 51.68 48.12 45.20 48.68 54.72 48.28 49.84 46.60 0.16 0.12 0.08 0.04 
0.00 45.52 47.54 34.24 48.08 47.60 41.98 49.96 48.44 45.28 45.70 50.32 44.96 50.44 49.42 45.20 48.52 50.16 47.06 50.08 
40.40 48.12 50.14 49.64 46.68 38.00 49.38 49.36 47.84 47.88 43.90 48.92 48.36 49.84 49.82 48.80 48.12 50.56 50.66 49.68 
41.20 51.72 49.74 50.04 50.28 47.40 49.78 53.76 48.24 51.48 25.50 48.52 48.76 46.24 49.22 48.60 46.72 49.96 49.26 48.28 
39.80 50.32 48.34 49.44 48.88 47.20 49.18 50.16 48.64 51.08 47.10 52.12 49.16 50.64 49.62 38.00 50.32 50.36 48.86 51.88 
40.60 49.92 51.94 49.84 48.48 50.80 49.58 49.56 52.04 49.68 45.30 54.72 48.56 50.04 57.02 48.40 48.92 0.09 0.06 0.03 
0.00 42.14 34.28 47.54 41.56 46.70 45.08 49.86 45.64 49.66 43.40 49.94 47.16 48.94 49.72 47.70 48.04 47.26 49.32 49.46 
39.80 49.74 49.88 50.34 49.16 37.50 47.88 48.66 48.44 49.26 45.40 49.54 49.96 51.74 44.52 47.30 47.64 50.06 48.92 49.06 
40.20 49.34 49.48 49.14 48.76 48.30 50.68 51.46 51.24 56.86 25.00 42.14 45.76 47.54 48.32 46.70 48.24 49.86 49.52 49.66 
40.80 49.94 50.08 48.94 49.36 47.70 54.48 47.26 47.04 49.46 45.60 49.74 48.56 50.34 51.12 37.50 47.84 48.66 49.12 49.26 
41.20 49.54 49.68 51.74 48.96 47.30 49.28 50.06 49.84 49.06 47.60 49.34 51.36 49.14 53.92 48.30 55.44 51.46 0.04 0.02 
0.00 34.32 42.14 45.52 45.28 45.60 47.54 48.68 47.32 50.08 44.70 50.72 48.08 49.72 49.86 47.60 48.52 48.88 49.66 50.48 
40.40 50.12 49.94 50.92 49.08 38.00 48.94 50.08 48.72 49.88 45.70 50.52 49.48 55.12 47.26 47.40 48.32 50.28 49.46 50.28 
40.60 49.92 49.74 48.32 48.88 48.40 50.34 51.48 50.12 53.68 25.50 46.32 46.88 48.52 48.66 47.60 48.12 51.68 49.26 50.08 
40.40 49.72 49.54 49.72 48.68 48.60 51.74 44.88 47.52 49.48 45.30 50.12 48.28 49.92 50.06 38.00 47.92 49.08 49.06 49.88 
40.60 49.52 49.34 51.12 48.48 48.40 49.14 50.28 48.92 49.28 46.30 49.92 49.68 51.32 51.46 50.40 51.72 54.48 56.86 0.01 
end   dump: C
==END   DUMP_ARRAYS==
